%abs data

g=9.8100;
I=5;
m=75;
R=1.2500;
v0=44;
Wheel_Slip=0.2000;
